x: 1.0
y: 2.0
z: 3.0
F(x,y,z): 761.3665311719208
x: 12.0
y: 2.0
z: 5.0
F(x,y,z): 2394.993865894181
